--------------------
Cycle 1:	64	LDUR X9, [XZR, #124]

Registers
X00:	0	0	0	0	0	0	0	0	
X08:	0	136	0	0	0	0	0	0	
X16:	0	0	0	0	0	0	0	0	
X24:	0	0	0	0	0	0	0	0	

Data
124:	136	156	4	1	2	2	4	2	
156:	-8	0	-10	0

--------------------
Cycle 2:	68	LDUR X10, [XZR, #128]

Registers
X00:	0	0	0	0	0	0	0	0	
X08:	0	136	156	0	0	0	0	0	
X16:	0	0	0	0	0	0	0	0	
X24:	0	0	0	0	0	0	0	0	

Data
124:	136	156	4	1	2	2	4	2	
156:	-8	0	-10	0

--------------------
Cycle 3:	72	LDUR X11, [XZR, #132]

Registers
X00:	0	0	0	0	0	0	0	0	
X08:	0	136	156	4	0	0	0	0	
X16:	0	0	0	0	0	0	0	0	
X24:	0	0	0	0	0	0	0	0	

Data
124:	136	156	4	1	2	2	4	2	
156:	-8	0	-10	0

--------------------
Cycle 4:	76	LDUR X12, [X9, #0]

Registers
X00:	0	0	0	0	0	0	0	0	
X08:	0	136	156	4	1	0	0	0	
X16:	0	0	0	0	0	0	0	0	
X24:	0	0	0	0	0	0	0	0	

Data
124:	136	156	4	1	2	2	4	2	
156:	-8	0	-10	0

--------------------
Cycle 5:	80	LDUR X13, [X10, #0]

Registers
X00:	0	0	0	0	0	0	0	0	
X08:	0	136	156	4	1	-8	0	0	
X16:	0	0	0	0	0	0	0	0	
X24:	0	0	0	0	0	0	0	0	

Data
124:	136	156	4	1	2	2	4	2	
156:	-8	0	-10	0

--------------------
Cycle 6:	84	CBZ X13, #3

Registers
X00:	0	0	0	0	0	0	0	0	
X08:	0	136	156	4	1	-8	0	0	
X16:	0	0	0	0	0	0	0	0	
X24:	0	0	0	0	0	0	0	0	

Data
124:	136	156	4	1	2	2	4	2	
156:	-8	0	-10	0

--------------------
Cycle 7:	88	LDUR X14, [XZR, #152]

Registers
X00:	0	0	0	0	0	0	0	0	
X08:	0	136	156	4	1	-8	2	0	
X16:	0	0	0	0	0	0	0	0	
X24:	0	0	0	0	0	0	0	0	

Data
124:	136	156	4	1	2	2	4	2	
156:	-8	0	-10	0

--------------------
Cycle 8:	92	LSL X12, X12, X14

Registers
X00:	0	0	0	0	0	0	0	0	
X08:	0	136	156	4	1	-8	2	0	
X16:	0	0	0	0	0	0	0	0	
X24:	0	0	0	0	0	0	0	0	

Data
124:	136	156	4	1	2	2	4	2	
156:	-8	0	-10	0

--------------------
Cycle 9:	96	ADD X15, X12, X13

Registers
X00:	0	0	0	0	0	0	0	0	
X08:	0	136	156	4	1	-8	2	0	
X16:	0	0	0	0	0	0	0	0	
X24:	0	0	0	0	0	0	0	0	

Data
124:	136	156	4	1	2	2	4	2	
156:	-8	0	-10	0

--------------------
Cycle 10:	100	STUR X15, [X9, #0]

Registers
X00:	0	0	0	0	0	0	0	0	
X08:	0	136	156	4	1	-8	2	0	
X16:	0	0	0	0	0	0	0	0	
X24:	0	0	0	0	0	0	0	0	

Data
124:	136	156	4	0	2	2	4	2	
156:	-8	0	-10	0

--------------------
Cycle 11:	104	ADDI X9, X9, #4

Registers
X00:	0	0	0	0	0	0	0	0	
X08:	0	136	156	4	1	-8	2	0	
X16:	0	0	0	0	0	0	0	0	
X24:	0	0	0	0	0	0	0	0	

Data
124:	136	156	4	0	2	2	4	2	
156:	-8	0	-10	0

--------------------
Cycle 12:	108	ADDI X10, X10, #4

Registers
X00:	0	0	0	0	0	0	0	0	
X08:	0	136	156	4	1	-8	2	0	
X16:	0	0	0	0	0	0	0	0	
X24:	0	0	0	0	0	0	0	0	

Data
124:	136	156	4	0	2	2	4	2	
156:	-8	0	-10	0

--------------------
Cycle 13:	112	SUBI X11, X11, #1

Registers
X00:	0	0	0	0	0	0	0	0	
X08:	0	136	156	4	1	-8	2	0	
X16:	0	0	0	0	0	0	0	0	
X24:	0	0	0	0	0	0	0	0	

Data
124:	136	156	4	0	2	2	4	2	
156:	-8	0	-10	0

--------------------
Cycle 14:	116	CBNZ X11, #-10

Registers
X00:	0	0	0	0	0	0	0	0	
X08:	0	136	156	4	1	-8	2	0	
X16:	0	0	0	0	0	0	0	0	
X24:	0	0	0	0	0	0	0	0	

Data
124:	136	156	4	0	2	2	4	2	
156:	-8	0	-10	0

--------------------
Cycle 15:	120	DUMMY

Registers
X00:	0	0	0	0	0	0	0	0	
X08:	0	136	156	4	1	-8	2	0	
X16:	0	0	0	0	0	0	0	0	
X24:	0	0	0	0	0	0	0	0	

Data
124:	136	156	4	0	2	2	4	2	
156:	-8	0	-10	0

--------------------
Cycle 16:	124	136

Registers
X00:	0	0	0	0	0	0	0	0	
X08:	0	136	156	4	1	-8	2	0	
X16:	0	0	0	0	0	0	0	0	
X24:	0	0	0	0	0	0	0	0	

Data
124:	136	156	4	0	2	2	4	2	
156:	-8	0	-10	0

--------------------
Cycle 17:	128	156

Registers
X00:	0	0	0	0	0	0	0	0	
X08:	0	136	156	4	1	-8	2	0	
X16:	0	0	0	0	0	0	0	0	
X24:	0	0	0	0	0	0	0	0	

Data
124:	136	156	4	0	2	2	4	2	
156:	-8	0	-10	0

--------------------
Cycle 18:	132	4

Registers
X00:	0	0	0	0	0	0	0	0	
X08:	0	136	156	4	1	-8	2	0	
X16:	0	0	0	0	0	0	0	0	
X24:	0	0	0	0	0	0	0	0	

Data
124:	136	156	4	0	2	2	4	2	
156:	-8	0	-10	0

--------------------
Cycle 19:	136	1

Registers
X00:	0	0	0	0	0	0	0	0	
X08:	0	136	156	4	1	-8	2	0	
X16:	0	0	0	0	0	0	0	0	
X24:	0	0	0	0	0	0	0	0	

Data
124:	136	156	4	0	2	2	4	2	
156:	-8	0	-10	0

--------------------
Cycle 20:	140	2

Registers
X00:	0	0	0	0	0	0	0	0	
X08:	0	136	156	4	1	-8	2	0	
X16:	0	0	0	0	0	0	0	0	
X24:	0	0	0	0	0	0	0	0	

Data
124:	136	156	4	0	2	2	4	2	
156:	-8	0	-10	0

--------------------
Cycle 21:	144	2

Registers
X00:	0	0	0	0	0	0	0	0	
X08:	0	136	156	4	1	-8	2	0	
X16:	0	0	0	0	0	0	0	0	
X24:	0	0	0	0	0	0	0	0	

Data
124:	136	156	4	0	2	2	4	2	
156:	-8	0	-10	0

--------------------
Cycle 22:	148	4

Registers
X00:	0	0	0	0	0	0	0	0	
X08:	0	136	156	4	1	-8	2	0	
X16:	0	0	0	0	0	0	0	0	
X24:	0	0	0	0	0	0	0	0	

Data
124:	136	156	4	0	2	2	4	2	
156:	-8	0	-10	0

--------------------
Cycle 23:	152	2

Registers
X00:	0	0	0	0	0	0	0	0	
X08:	0	136	156	4	1	-8	2	0	
X16:	0	0	0	0	0	0	0	0	
X24:	0	0	0	0	0	0	0	0	

Data
124:	136	156	4	0	2	2	4	2	
156:	-8	0	-10	0

--------------------
Cycle 24:	156	-8

Registers
X00:	0	0	0	0	0	0	0	0	
X08:	0	136	156	4	1	-8	2	0	
X16:	0	0	0	0	0	0	0	0	
X24:	0	0	0	0	0	0	0	0	

Data
124:	136	156	4	0	2	2	4	2	
156:	-8	0	-10	0

--------------------
Cycle 25:	160	0

Registers
X00:	0	0	0	0	0	0	0	0	
X08:	0	136	156	4	1	-8	2	0	
X16:	0	0	0	0	0	0	0	0	
X24:	0	0	0	0	0	0	0	0	

Data
124:	136	156	4	0	2	2	4	2	
156:	-8	0	-10	0

--------------------
Cycle 26:	164	-10

Registers
X00:	0	0	0	0	0	0	0	0	
X08:	0	136	156	4	1	-8	2	0	
X16:	0	0	0	0	0	0	0	0	
X24:	0	0	0	0	0	0	0	0	

Data
124:	136	156	4	0	2	2	4	2	
156:	-8	0	-10	0

--------------------
Cycle 27:	168	0

Registers
X00:	0	0	0	0	0	0	0	0	
X08:	0	136	156	4	1	-8	2	0	
X16:	0	0	0	0	0	0	0	0	
X24:	0	0	0	0	0	0	0	0	

Data
124:	136	156	4	0	2	2	4	2	
156:	-8	0	-10	0

